15,66
7,61   
12,82
13,01
11,64
12,45
13,09
13,44
13,31
10,79
261	patients_with_3_meds	1	35,55	35,55	35,55	23/12/06 21:11:00,974853000
161	patients_with_3_meds	1	38,4	38,4	38,4	23/12/06 21:04:06,644934000
301	patients_with_3_meds	1	35,22	35,22	35,22	23/12/06 21:12:58,617313000
121	patients_with_3_meds	1	35,86	35,86	35,86	23/12/06 21:02:42,613799000
381	patients_with_3_meds	1	35,2	35,2	35,2	23/12/06 21:15:30,775874000
813	patients_with_3_meds	1	38	38	38	23/12/06 20:59:30,659842000
341	patients_with_3_meds	1	34,6	34,6	34,6	23/12/06 21:14:15,725477000
41	patients_with_3_meds	1	55,27	55,27	55,27	23/12/06 20:57:42,321687000
221	patients_with_3_meds	1	35,58	35,58	35,58	23/12/06 21:09:39,302026000



2,24
2,62
2,39
2,31
7,12
2,73
2,37
2,24
2,20
2,23
2,22
       941 most popular medicine                                                                                                1       8,42       8,42        8,42 23/12/06 23:42:05,716541000
       981 most popular medicine                                                                                                1        8,4        8,4         8,4 23/12/06 23:42:19,193295000
      1021 most popular medicine                                                                                                1       8,41       8,41        8,41 23/12/06 23:42:34,888320000
      1061 most popular medicine                                                                                                1       8,39       8,39        8,39 23/12/06 23:43:04,433492000
       661 most popular medicine                                                                                                1      12,83      12,83       12,83 23/12/06 23:39:21,067176000
       701 most popular medicine                                                                                                1       8,94       8,94        8,94 23/12/06 23:40:08,862127000
       741 most popular medicine                                                                                                1       8,55       8,55        8,55 23/12/06 23:40:25,472998000
       781 most popular medicine                                                                                                1       8,33       8,33        8,33 23/12/06 23:40:47,838492000
       821 most popular medicine                                                                                                1       8,32       8,32        8,32 23/12/06 23:41:08,753593000
       861 most popular medicine                                                                                                1       8,56       8,56        8,56 23/12/06 23:41:23,720892000
       901 most popular medicine                                                                                                1       8,35       8,35        8,35 23/12/06 23:41:51,612806000